000000000000000000000000000000000000000000000000000000000000000000000000000000000000000000000000000000000000000000000
0    0                                                              00-+-+-+-+      00          00                  0
0    0                                                              00+-+-+-+-      00          00                  0
0    0                                                              00-+-+-+-+00    00    00    00                  0
000000                                  >>                  <       00+-+-+-+-00    00    00    00                  0
0                                 00000000000000000000000000000     00-+-+-+-+00    00    00    00                  0
0                                                  000000000000     00+-+-+-+-00    00    00    00                  0
0                         >                             0000000     00-+-+-+-+00          00                        0
0                 000000000                                  00     00+-+-+-+-00____      00____                    0
0                 000000000                                  00     00000000000000000000000000000000000000          0
0       00000     000000000000    0000000000              <  00     00                                              0
0       00000     000000000           00               00000000     00                                              0
0       00000     000000000           00                    000     00                                              0
0       00000     000000000           00       00000         00     00                              0     _____     0
0       00000     000000000           00                     00     00                              0     00000     0
0       00000                         00                     00     00                              00000000        0
0       00000                       00000000000000           00     00                                              0
0       00000                                                00     00                                              0
0       00000                                                00     00                                              0
0       00000                                                00     00                                              0
0_______00000                                                00     00          ____________                        0
0000000000000    >>>>                 00                     00     00       0000000000000000                       0
0       000000000000000000000_________00                     00     00                00                            0
0              0        0000000000000000                     00                       00                            0
0              0        00            00            _________00                       00            ____            0
0     w        0        00                          00000000000       _________       00           000000           0
0    000       0                                 000000000000000000000000000000000000000          00000000          0
0    000                                           00 (()))))       _      _          00             00             0
0    000                                 000000<<<<00 | . . |   |  |_ |  ||_ |   /|   0000000        00        000000
0    000                    000000000000000000000000  { _V_ }   |_ |_  \/ |_ |_  _|_  00                            0
0____000 >>    0000000000000000000000            000   \ = /                          00                            0
000000000000000000000000000000000000000000000000000000000000000000000000000000000000000000000000000000000000000000000