000000000000000000000000000000000000000000000000000000000000000000000000000000000000000000000000000000000000000000000
0                                                            00                                             FFFFFFFF0
0                                                            00                                             FFFFFFFF0
0                                                            00                                             FFFFFFFF0
0                                                            0000000                                        FFFFFFFF0
0                                                                                                           FFFFFFFF0
0                                                                         000000                            FFFFFFFF0
0                                                                                                           FFFFFFFF0
0                                                                                                           FFFFFFFF0
0                                                                                     0000000000000000000000000000000
0                                 0000000000                 00                                                     0
0                                                            00                                                     0
0                                                            00                                                     0
0                                                            00                                                     0
0                                                            00                                                     0
0                                                            00            000000                                   0
0                                                            00                                                     0
0                                                            00                                                     0
0                                                            00                                                     0
0                                                            00                                                     0
0                                                            00                                                     0
0000000000000                                                00                        000000                       0
0       00000000000000000000000                              00                                                     0
0                        000000000000000000                  00                                                     0
0                                                            00                                                     0
0                                                   00000000000                                    000000           0
0                                                       0000000                                                     0
0                                                            00                                                     0
0                                                            00                                                     0
0                                                  0         00                                                     0
0     P        00                  00              0         00                                                     0
000000000000000000000000000000000000000000000000000000000000000000000000000000000000000000000000000000000000000000000